date,kospi,djia,ktb3,usd,gold
20170102,2026.16,19881.76,1.638,1206.0,45500.0
20170103,2043.97,19881.76,1.617,1209.5,45560.0
20170104,2045.64,19942.16,1.63,1206.5,45730.0
20170105,2041.95,19899.29,1.607,1195.0,45400.0
20170106,2049.12,19963.8,1.626,1183.5,45440.0
20170109,2048.78,19887.38,1.663,1202.0,45710.0
20170110,2045.12,19855.53,1.647,1202.5,45800.0
20170111,2075.17,19954.28,1.653,1201.0,45850.0
20170112,2087.14,19891.0,1.624,1186.5,45800.0
20170113,2076.79,19885.73,1.635,1176.0,45440.0
20170116,2064.17,19885.73,1.633,1175.5,45900.0
20170117,2071.87,19826.77,1.628,1184.1,45900.0
20170118,2070.54,19804.72,1.649,1162.5,45690.0
20170119,2072.79,19732.4,1.677,1180.0,45690.0
20170120,2065.61,19827.25,1.655,1175.2,45620.0
20170123,2065.99,19799.85,1.64,1170.0,45720.0
20170124,2065.76,19912.71,1.628,1162.0,45640.0
20170125,2066.94,20068.51,1.647,1149.0,45290.0
20170126,2083.59,20100.91,1.687,1161.4,44800.0
20170131,2067.57,19864.09,1.675,1170.0,45080.0
20170201,2080.48,19890.94,1.685,1150.0,45170.0
20170202,2071.01,19884.91,1.674,1152.0,45080.0
20170203,2073.16,20071.46,1.685,1144.8,45000.0
20170206,2077.66,20052.42,1.662,1138.0,44970.0
20170207,2075.21,20090.29,1.641,1136.0,45500.0
20170208,2065.08,20054.34,1.652,1145.0,45580.0
20170209,2065.88,20172.4,1.648,1145.0,45820.0
20170210,2075.08,20269.37,1.668,1153.3,45590.0
20170213,2078.65,20412.16,1.663,1149.5,45790.0
20170214,2074.57,20504.41,1.653,1150.0,45540.0
20170215,2083.86,20611.86,1.661,1140.0,45240.0
20170216,2081.84,20619.77,1.656,1133.0,45400.0
20170217,2080.58,20624.05,1.655,1141.7,45700.0
20170220,2084.39,20624.05,1.67,1151.0,45600.0
20170221,2102.93,20743.0,1.671,1145.0,45600.0
20170222,2106.61,20775.6,1.69,1143.0,45500.0
20170223,2107.63,20810.32,1.676,1139.7,45400.0
20170224,2094.12,20821.76,1.666,1132.0,45550.0
20170227,2085.52,20837.44,1.663,1132.0,45760.0
20170228,2091.64,20812.24,1.67,1134.5,45670.0
20170302,2102.65,21002.97,1.713,1142.0,45800.0
20170303,2078.75,21005.71,1.713,1149.1,45680.0
20170306,2081.36,20954.34,1.746,1153.0,45850.0
20170307,2094.05,20924.76,1.784,1155.2,45480.0
20170308,2095.41,20855.73,1.784,1150.5,45050.0
20170309,2091.06,20858.19,1.789,1155.0,44970.0
20170310,2097.35,20902.98,1.78,1161.0,44780.0
20170313,2117.59,20881.48,1.765,1148.0,44680.0
20170314,2133.78,20837.37,1.758,1148.4,44700.0
20170315,2133.0,20950.1,1.759,1148.0,44560.0
20170316,2150.08,20934.55,1.695,1130.0,44840.0
20170317,2164.58,20914.62,1.675,1130.0,44900.0
20170320,2157.01,20905.86,1.67,1129.1,44720.0
20170321,2178.38,20668.01,1.67,1114.0,44480.0
20170322,2168.3,20661.3,1.663,1122.5,45090.0
20170323,2172.72,20656.58,1.666,1118.0,45030.0
20170324,2168.95,20596.72,1.678,1122.5,45100.0
20170327,2155.66,20550.98,1.65,1115.0,45230.0
20170328,2163.31,20701.5,1.657,1110.5,45000.0
20170329,2166.98,20659.32,1.653,1116.5,44980.0
20170330,2164.64,20728.49,1.665,1112.0,45100.0
20170331,2160.23,20663.22,1.662,1118.5,44960.0
20170403,2167.51,20650.21,1.668,1117.0,44940.0
20170404,2161.1,20689.24,1.646,1117.0,45280.0
20170405,2160.85,20648.15,1.654,1124.2,45550.0
20170406,2152.75,20662.95,1.679,1127.1,45720.0
20170407,2151.73,20656.1,1.681,1131.0,46100.0
20170410,2133.32,20658.02,1.722,1137.0,46170.0
20170411,2123.85,20651.3,1.693,1142.5,46280.0
20170412,2128.91,20591.86,1.686,1146.0,46840.0
20170413,2148.61,20453.25,1.674,1134.5,46500.0
20170414,2134.88,20453.25,1.677,1135.0,46840.0
20170417,2145.76,20636.92,1.673,1139.0,46870.0
20170418,2148.46,20523.28,1.676,1133.5,46840.0
20170419,2138.4,20404.49,1.67,1142.5,46990.0
20170420,2149.15,20578.71,1.674,1143.0,46890.0
20170421,2165.04,20547.76,1.684,1138.5,46760.0
20170424,2173.74,20763.89,1.701,1129.5,46310.0
20170425,2196.85,20996.12,1.677,1135.0,46100.0
20170426,2207.84,20975.09,1.682,1127.0,45750.0
20170427,2209.46,20981.33,1.673,1131.0,46000.0
20170428,2205.44,20940.51,1.675,1132.0,46170.0
20170502,2219.67,20949.89,1.69,1136.0,45820.0
20170504,2241.24,20951.47,1.681,1134.7,45180.0
20170508,2292.76,21012.28,1.707,1135.0,44910.0
20170510,2270.12,20943.11,1.733,1137.5,44800.0
20170511,2296.37,20919.42,1.727,1132.0,44600.0
20170512,2286.02,20896.61,1.71,1124.0,44680.0
20170515,2290.65,20981.94,1.71,1124.0,44740.0
20170516,2295.33,20979.75,1.717,1118.2,44550.0
20170517,2293.08,20606.93,1.684,1114.8,44920.0
20170518,2286.82,20663.02,1.683,1123.7,45510.0
20170519,2288.48,20804.84,1.671,1128.0,45250.0
20170522,2304.03,20894.83,1.685,1118.8,45200.0
20170523,2311.74,20937.91,1.676,1116.0,45500.0
20170524,2317.34,21012.42,1.691,1125.5,45200.0
20170525,2342.93,21082.95,1.681,1119.0,45250.0
20170526,2355.3,21080.28,1.677,1120.0,45220.0
20170529,2352.97,21080.28,1.672,1119.0,45570.0
20170530,2343.68,21029.47,1.658,1123.0,45720.0
20170531,2347.38,21008.65,1.661,1124.0,45450.0
20170601,2344.61,21144.18,1.645,1119.0,45610.0
20170602,2371.72,21206.29,1.63,1122.5,45550.0
20170605,2368.62,21184.04,1.623,1119.0,45850.0
20170607,2360.14,21173.69,1.621,1119.5,46530.0
20170608,2363.57,21182.53,1.637,1125.0,46320.0
20170609,2381.69,21271.97,1.632,1124.0,45950.0
20170612,2357.87,21235.67,1.697,1126.0,45860.0
20170613,2374.7,21328.47,1.661,1131.0,45890.0
20170614,2372.64,21374.56,1.681,1126.5,45890.0
20170615,2361.65,21359.9,1.682,1120.0,45640.0
20170616,2361.83,21384.28,1.695,1130.7,45850.0
20170619,2370.9,21528.99,1.683,1132.5,45620.0
20170620,2369.23,21467.14,1.685,1137.2,45510.0
20170621,2357.53,21410.03,1.692,1141.0,45790.0
20170622,2370.37,21397.29,1.701,1142.5,45930.0
20170623,2378.6,21394.76,1.688,1138.5,45900.0
20170626,2388.66,21409.55,1.686,1134.5,45750.0
20170627,2391.95,21310.66,1.681,1134.0,45660.0
20170628,2382.56,21454.61,1.711,1141.0,45930.0
20170629,2395.66,21287.03,1.7,1139.7,45860.0
20170630,2391.79,21349.63,1.698,1147.0,45710.0
20170703,2394.48,21479.27,1.716,1143.5,45620.0
20170704,2380.52,21479.27,1.74,1149.0,45440.0
20170705,2388.35,21478.17,1.745,1152.0,45500.0
20170706,2387.81,21320.04,1.75,1152.0,45650.0
20170707,2379.87,21414.34,1.781,1156.5,45450.0
20170710,2382.1,21408.52,1.756,1153.0,44770.0
20170711,2396.0,21409.07,1.762,1149.0,45000.0
20170712,2391.77,21532.14,1.762,1148.7,45050.0
20170713,2409.49,21553.09,1.745,1137.5,44840.0
20170714,2414.63,21637.74,1.75,1137.2,44570.0
20170717,2425.1,21629.72,1.754,1129.5,44800.0
20170718,2426.04,21574.73,1.746,1129.8,44960.0
20170719,2429.94,21640.75,1.747,1124.0,44910.0
20170720,2441.84,21611.78,1.74,1124.0,45020.0
20170721,2450.06,21580.07,1.721,1121.5,45080.0
20170724,2451.53,21513.17,1.72,1118.5,45100.0
20170725,2439.9,21613.43,1.709,1115.5,45180.0
20170726,2434.51,21711.01,1.729,1121.0,45140.0
20170727,2443.24,21796.55,1.712,1112.0,45290.0
20170728,2400.99,21830.31,1.723,1117.0,45390.0
20170731,2402.71,21891.12,1.724,1124.4,45580.0
20170801,2422.96,21963.92,1.733,1119.4,45650.0
20170802,2427.63,22016.24,1.73,1122.0,45680.0
20170803,2386.85,22026.1,1.737,1123.0,45770.0
20170804,2395.45,22092.81,1.742,1129.0,45840.0
20170807,2398.75,22118.42,1.772,1128.2,45670.0
20170808,2394.73,22085.34,1.805,1126.8,45660.0
20170809,2368.39,22048.7,1.833,1130.0,46150.0
20170810,2359.47,21844.01,1.824,1138.5,46780.0
20170811,2319.71,21858.32,1.804,1145.2,47210.0
20170814,2334.22,21993.71,1.802,1139.5,47040.0
20170816,2348.26,22024.87,1.821,1135.5,46610.0
20170817,2361.67,21750.73,1.801,1135.5,46900.0
20170818,2358.37,21674.51,1.777,1142.0,47120.0
20170821,2355.0,21703.75,1.784,1138.4,47050.0
20170822,2365.33,21899.89,1.803,1138.3,47000.0
20170823,2366.4,21812.09,1.797,1132.0,46800.0
20170824,2375.84,21783.4,1.801,1127.0,46750.0
20170825,2378.51,21813.67,1.755,1128.0,46760.0
20170828,2370.3,21808.4,1.758,1122.0,46740.0
20170829,2364.74,21865.37,1.772,1125.4,47420.0
20170830,2372.29,21892.43,1.752,1124.0,47250.0
20170831,2363.19,21948.1,1.747,1124.5,47210.0
20170901,2357.69,21987.56,1.747,1123.0,47570.0
20170904,2329.65,21987.56,1.782,1129.0,48400.0
20170905,2326.62,21753.31,1.78,1131.0,48460.0
20170906,2319.82,21807.64,1.775,1132.1,48650.0
20170907,2346.19,21784.78,1.782,1130.0,48350.0
20170908,2343.72,21797.79,1.758,1126.5,48880.0
20170911,2359.08,22057.37,1.757,1129.0,48580.0
20170912,2365.47,22118.86,1.753,1129.5,48080.0
20170913,2360.18,22158.18,1.742,1128.3,48270.0
20170914,2377.66,22203.48,1.742,1132.5,48110.0
20170915,2386.07,22268.34,1.739,1136.5,48370.0
20170918,2418.21,22331.35,1.742,1132.5,47850.0
20170919,2416.05,22370.8,1.779,1128.4,47700.0
20170920,2412.2,22412.59,1.775,1130.2,47700.0
20170921,2406.5,22359.23,1.781,1133.0,47400.0
20170922,2388.71,22349.59,1.775,1133.0,47410.0
20170925,2380.4,22296.09,1.786,1133.0,47010.0
20170926,2374.32,22284.32,1.832,1134.7,47890.0
20170927,2372.57,22340.71,1.887,1138.0,47460.0
20170928,2373.14,22381.2,1.888,1144.0,47360.0
20170929,2394.47,22405.09,1.888,1145.3,47400.0
20171010,2433.81,22830.68,1.938,1142.5,47100.0
20171011,2458.16,22872.89,1.929,1134.0,47070.0
20171012,2474.76,22841.01,1.9,1131.9,47210.0
20171013,2473.62,22871.72,1.916,1132.0,47150.0
20171016,2480.05,22956.96,1.927,1126.0,47210.0
20171017,2484.37,22997.44,1.947,1129.6,47070.0
20171018,2482.91,23157.6,1.935,1131.0,46770.0
20171019,2473.06,23163.04,2.006,1132.0,46620.0
20171020,2489.54,23328.63,2.088,1128.5,46780.0
20171023,2490.05,23273.96,2.032,1134.5,46490.0
20171024,2490.49,23441.76,2.057,1130.8,46500.0
20171025,2492.5,23329.46,2.094,1130.0,46290.0
20171026,2480.63,23400.86,2.182,1125.0,46430.0
20171027,2496.63,23434.19,2.164,1128.5,46200.0
20171030,2501.93,23348.74,2.137,1126.0,46110.0
20171031,2523.43,23377.24,2.164,1124.0,46190.0
20171101,2556.47,23435.01,2.14,1118.0,45850.0
20171102,2546.36,23516.26,2.126,1112.5,45950.0
20171103,2557.97,23539.19,2.133,1112.0,45870.0
20171106,2549.41,23548.42,2.152,1116.5,45720.0
20171107,2545.44,23557.23,2.133,1112.5,45810.0
20171108,2552.4,23563.36,2.151,1114.0,45880.0
20171109,2550.57,23461.94,2.147,1113.5,46100.0
20171110,2542.95,23422.21,2.157,1119.0,46270.0
20171113,2530.35,23439.7,2.18,1119.5,46150.0
20171114,2526.64,23409.47,2.211,1119.5,46140.0
20171115,2518.25,23271.28,2.177,1115.0,46010.0
20171116,2534.79,23458.36,2.171,1106.5,45460.0
20171117,2533.99,23358.24,2.174,1097.0,45460.0
20171120,2527.67,23430.33,2.156,1098.0,45800.0
20171121,2530.7,23590.83,2.156,1097.0,45310.0
20171122,2540.51,23526.18,2.17,1091.0,45170.0
20171123,2537.15,23526.18,2.134,1086.0,45230.0
20171124,2544.33,23557.99,2.169,1085.0,45240.0
20171127,2507.81,23580.78,2.153,1085.0,45250.0
20171128,2514.19,23836.71,2.119,1090.5,45390.0
20171129,2512.9,23940.68,2.112,1084.0,45220.0
20171130,2476.37,24272.35,2.075,1081.5,45060.0
20171201,2475.41,24231.59,2.081,1088.0,44780.0
20171204,2501.67,24290.05,2.083,1086.0,44800.0
20171205,2510.12,24180.64,2.112,1085.8,44630.0
20171206,2474.37,24140.91,2.084,1087.5,44730.0
20171207,2461.98,24211.48,2.094,1095.0,44450.0
20171208,2464.0,24329.16,2.094,1094.1,44140.0
20171211,2471.49,24386.03,2.087,1091.6,44110.0
20171212,2461.0,24504.8,2.077,1088.7,44200.0
20171213,2480.55,24585.43,2.078,1093.0,43990.0
20171214,2469.48,24508.66,2.08,1083.5,44370.0
20171215,2482.07,24651.74,2.078,1088.5,44220.0
20171218,2481.88,24792.2,2.09,1089.5,44210.0
20171219,2478.53,24754.75,2.097,1086.0,44300.0
20171220,2472.37,24726.65,2.087,1086.0,44250.0
20171221,2429.83,24782.29,2.094,1080.5,44330.0
20171222,2440.54,24754.06,2.131,1080.0,44250.0
20171226,2427.34,24746.21,2.129,1078.0,44470.0
20171227,2436.67,24774.3,2.15,1075.5,44500.0
20171228,2467.49,24837.51,2.134,1076.0,44840.0
